simPanelWidth=380.000000
inspectorWidth=340.000000
POS_0_1=509.000000,287.000000
POS_0_2=583.000000,156.000000
POS_0_3=855.000000,268.000000
POS_0_4=583.000000,587.000000
POS_0_5=375.000000,428.000000
POS_0_6=35.000000,476.000000
POS_1_1=700.000000,250.000000
POS_1_2=460.000000,100.000000
POS_1_3=460.000000,350.000000
POS_1_4=230.000000,230.000000
POS_1_5=230.000000,430.000000
POS_1_6=0.000000,100.000000
